3
PZU
Warszawa ul.Złota 4
pzu.ubezpieczenia@poczta.pl
12
10.0
1.0
5.0
0.1
1.1
1.1
0.40
0.45
0.50
0.55
0.6
12.0
10.0
23.0
13.0
14.0
15.0
18.0
9.0
24.0
12.0
30.0
12.0
17.0
19.0
25.0
21.0
50.0
20.0
25.0
10.0
30.0
45.0
AXA
Warszawa ul.Srebrna 41
axa.ubezpieczenia@poczta.pl
14
10.0
1.0
5.0
0.1
1.2
1.2
1.02
1.05
1.1
1.07
1.4
12.0
10.0
23.0
13.0
14.0
15.0
18.0
9.0
24.0
12.0
30.0
12.0
17.0
19.0
25.0
21.0
50.0
20.0
25.0
10.0
30.0
45.0
AVIVA
Warszawa ul.Brazowa 66
aviva.polisa@ubezpieczenie.pl
15
11.0
1.0
5.0
0.15
1.2
1.2
1.02
1.05
1.1
1.07
1.4
12.0
10.0
23.0
13.0
14.0
15.0
18.0
8.0
24.0
12.0
30.0
12.0
17.0
19.0
25.0
21.0
50.0
20.0
25.0
10.0
30.0
45.0